     0  1  2  3  4  5  6  7  8  9
  0  1  1  0  0  0  1  9  1  0  0
  1 10  2  0  0  0  1  1  1  0  0
  2  9  2  0  1  1  1  0  0  0  0
  3  1  1  0  1  9  1  0  0  0  0
  4  0  0  0  1  1  1  0  0  0  0
  5  0  0  0  0  0  0  0  1  1  1
  6  1  2  3  2  1  0  0  1  9  1
  7  1  9 10 10  1  0  0  1  1  1
  8  1  2  3  2  1  0  0  1  2  2
  9  0  0  0  0  0  0  0  1 10  9
[(1, 0), (7, 3), (6, 8), (7, 2), (2, 0), (9, 8), (3, 4), (9, 9), (0, 6), (7, 1)]
------------------------------
Computer plays (5, 0) Mines flagged:  0
     0  1  2  3  4  5  6  7  8  9
  0  #  1           1  #  1      
  1  #  2           1  1  1      
  2  #  2     1  1  1            
  3  1  1     1  #  1            
  4           1  1  1            
  5                       1  1  1
  6  1  2  3  2  1        1  #  #
  7  #  #  #  #  1        1  #  #
  8  1  2  3  2  1        1  #  #
  9                       1  #  #
6 defaultdict(<class 'float'>, {(0, 0): -60.0, (6, 9): -40.0, (7, 0): -120.0, (7, 8): -29.666666666666668, (8, 8): -9.166666666666666, (9, 8): 0.8333333333333333})
9 defaultdict(<class 'float'>, {(0, 0): -60.0, (6, 9): -40.0, (7, 0): -58.83333333333333, (7, 1): 2.1666666666666665, (7, 2): 1.6666666666666665, (7, 3): 1.0, (7, 8): -29.666666666666668, (8, 8): -9.166666666666666, (9, 8): 0.8333333333333333})
7 defaultdict(<class 'float'>, {(0, 0): -60.0, (6, 8): 1.0, (6, 9): -40.0, (7, 0): -120.0, (7, 8): -29.666666666666668, (8, 8): -9.166666666666666, (9, 8): 0.8333333333333333})
7 defaultdict(<class 'float'>, {(0, 0): -60.0, (3, 4): 1.0, (6, 9): -40.0, (7, 0): -120.0, (7, 8): -29.666666666666668, (8, 8): -9.166666666666666, (9, 8): 0.8333333333333333})
8 defaultdict(<class 'float'>, {(0, 0): 1.1666666666666665, (1, 0): 2.1666666666666665, (2, 0): 1.6666666666666665, (6, 9): -40.0, (7, 0): -120.0, (7, 8): -29.666666666666668, (8, 8): -9.166666666666666, (9, 8): 0.8333333333333333})
8 defaultdict(<class 'float'>, {(0, 0): -39.5, (1, 0): 0.5, (0, 6): 1.0, (6, 9): -40.0, (7, 0): -120.0, (7, 8): -29.666666666666668, (8, 8): -9.166666666666666, (9, 8): 0.8333333333333333})
Computer plays (7, 0) Mines flagged:  8
     0  1  2  3  4  5  6  7  8  9
  0  #  1           1  F  1      
  1  F  2           1  1  1      
  2  F  2     1  1  1            
  3  1  1     1  F  1            
  4           1  1  1            
  5                       1  1  1
  6  1  2  3  2  1        1  F  #
  7  1  F  F  F  1        1  #  #
  8  1  2  3  2  1        1  #  #
  9                       1  #  #
5 defaultdict(<class 'float'>, {(0, 0): -60.0, (6, 9): -40.0, (7, 8): -29.666666666666668, (8, 8): -9.166666666666666, (9, 8): 0.8333333333333333})
Computer plays (0, 0) Mines flagged:  8
     0  1  2  3  4  5  6  7  8  9
  0  1  1           1  F  1      
  1  F  2           1  1  1      
  2  F  2     1  1  1            
  3  1  1     1  F  1            
  4           1  1  1            
  5                       1  1  1
  6  1  2  3  2  1        1  F  #
  7  1  F  F  F  1        1  #  #
  8  1  2  3  2  1        1  #  #
  9                       1  #  #
4 defaultdict(<class 'float'>, {(6, 9): -40.0, (7, 8): -29.666666666666668, (8, 8): -9.166666666666666, (9, 8): 0.8333333333333333})
Computer plays (6, 9) Mines flagged:  8
     0  1  2  3  4  5  6  7  8  9
  0  1  1           1  F  1      
  1  F  2           1  1  1      
  2  F  2     1  1  1            
  3  1  1     1  F  1            
  4           1  1  1            
  5                       1  1  1
  6  1  2  3  2  1        1  F  1
  7  1  F  F  F  1        1  #  #
  8  1  2  3  2  1        1  #  #
  9                       1  #  #
4 defaultdict(<class 'float'>, {(7, 8): -39.666666666666664, (7, 9): -10.0, (8, 8): -9.166666666666666, (9, 8): 0.8333333333333333})
Computer plays (7, 8) Mines flagged:  8
     0  1  2  3  4  5  6  7  8  9
  0  1  1           1  F  1      
  1  F  2           1  1  1      
  2  F  2     1  1  1            
  3  1  1     1  F  1            
  4           1  1  1            
  5                       1  1  1
  6  1  2  3  2  1        1  F  1
  7  1  F  F  F  1        1  1  #
  8  1  2  3  2  1        1  #  #
  9                       1  #  #
4 defaultdict(<class 'float'>, {(7, 9): -26.666666666666668, (8, 8): -25.666666666666668, (8, 9): -6.666666666666667, (9, 8): 1.0})
Computer plays (7, 9) Mines flagged:  8
     0  1  2  3  4  5  6  7  8  9
  0  1  1           1  F  1      
  1  F  2           1  1  1      
  2  F  2     1  1  1            
  3  1  1     1  F  1            
  4           1  1  1            
  5                       1  1  1
  6  1  2  3  2  1        1  F  1
  7  1  F  F  F  1        1  1  1
  8  1  2  3  2  1        1  #  #
  9                       1  #  #
3 defaultdict(<class 'float'>, {(8, 8): -39.0, (8, 9): -20.0, (9, 8): 1.0})
Computer plays (8, 8) Mines flagged:  8
     0  1  2  3  4  5  6  7  8  9
  0  1  1           1  F  1      
  1  F  2           1  1  1      
  2  F  2     1  1  1            
  3  1  1     1  F  1            
  4           1  1  1            
  5                       1  1  1
  6  1  2  3  2  1        1  F  1
  7  1  F  F  F  1        1  1  1
  8  1  2  3  2  1        1  2  #
  9                       1  #  #
2 defaultdict(<class 'float'>, {(8, 9): -39.0, (9, 9): 1.0})
3 defaultdict(<class 'float'>, {(8, 9): -39.0, (9, 8): 1.0, (9, 9): 1.0})
Computer plays (8, 9) Mines flagged:  9
     0  1  2  3  4  5  6  7  8  9
  0  1  1           1  F  1      
  1  F  2           1  1  1      
  2  F  2     1  1  1            
  3  1  1     1  F  1            
  4           1  1  1            
  5                       1  1  1
  6  1  2  3  2  1        1  F  1
  7  1  F  F  F  1        1  1  1
  8  1  2  3  2  1        1  2  2
  9                       1  F  #
Winner!
1 0 1.0
